version https://git-lfs.github.com/spec/v1
oid sha256:2cdf8667e7dca2086bd01b94aed64bab3c3ba971283a1e813411dd924003a304
size 378639770
